2024/04/03 23:39:31.444,INFO,Logger起動
2024/04/03 23:39:31.459,INFO,前回アプリ終了時ステータス取得 完了
2024/04/03 23:39:31.510,METHOD_IN,PLC_IF.Open(DUMMY;PLC_AISLE127.0.0.1)
2024/04/03 23:39:32.414,METHOD_OUT,PLC_IF.Open : STATUS_SUCCESS
2024/04/03 23:39:32.418,INFO,Resource起動
2024/04/03 23:39:32.436,SYSTEM,***********************************
2024/04/03 23:39:32.436,SYSTEM,起動中 PC名=LAPTOP-DES3I23Q , IP=172.19.0.1
2024/04/03 23:39:32.436,SYSTEM,OS Ver=Microsoft Windows NT 6.2.9200.0 
2024/04/03 23:39:32.436,SYSTEM,TransferManagerApp Ver=1.0.0.0 
2024/04/03 23:39:32.436,SYSTEM,***********************************
2024/04/03 23:39:32.438,METHOD_IN,Manager Start()
2024/04/03 23:39:32.438,INFO,システムスレッド 起動
2024/04/03 23:39:32.442,METHOD_IN,Manager Thread_System()
2024/04/03 23:39:32.452,INFO,接続確認スレッド 起動
2024/04/03 23:39:32.457,METHOD_IN,Manager Thread_ConnectionCheck()
2024/04/03 23:39:32.465,INFO,ファイルクリーナスレッド 起動
2024/04/03 23:39:32.469,METHOD_IN,Manager Thread_FileCleaner()
2024/04/03 23:39:32.478,INFO,エラー履歴ファイル出力スレッド 起動
2024/04/03 23:39:32.483,METHOD_IN,Manager Thread_ErrorHistory()
2024/04/03 23:39:32.491,METHOD_OUT,Manager Start : STATUS_SUCCESS
2024/04/03 23:39:32.491,INFO,Manager起動
2024/04/03 23:39:32.510,METHOD_IN,BatchFile Load()
2024/04/03 23:39:32.720,METHOD_OUT,BatchFile.Load : STATUS_SUCCESS
2024/04/03 23:39:32.720,INFO,BatchFile読み込み完了
